       50.0000  -1.527041   0.279688  -1.247353 
      100.0000  -1.502375   0.296623  -1.205752 
      150.0000  -1.492073   0.299704  -1.192369 
      200.0000  -1.495739   0.316677  -1.179061 
      250.0000  -1.481443   0.310499  -1.170943 
      300.0000  -1.466837   0.308707  -1.158130 
      350.0000  -1.470102   0.313927  -1.156175 
      400.0000  -1.472379   0.315275  -1.157104 
      450.0000  -1.471697   0.314459  -1.157238 
      500.0000  -1.468638   0.316162  -1.152476 
      550.0000  -1.471709   0.313299  -1.158410 
      600.0000  -1.469384   0.306342  -1.163042 
      650.0000  -1.476962   0.310239  -1.166724 
      700.0000  -1.469212   0.314009  -1.155202 
      750.0000  -1.461506   0.305796  -1.155710 
      800.0000  -1.467291   0.316281  -1.151010 
      850.0000  -1.465117   0.309758  -1.155360 
      900.0000  -1.462266   0.306098  -1.156168 
      950.0000  -1.475104   0.316178  -1.158926 
     1000.0000  -1.467549   0.317103  -1.150445 
     1050.0000  -1.467448   0.319104  -1.148344 
     1100.0000  -1.457391   0.306898  -1.150492 
     1150.0000  -1.465197   0.307990  -1.157208 
     1200.0000  -1.468501   0.307579  -1.160922 
     1250.0000  -1.465318   0.307900  -1.157418 
     1300.0000  -1.465659   0.316614  -1.149044 
     1350.0000  -1.456395   0.314514  -1.141881 
     1400.0000  -1.450472   0.312857  -1.137615 
     1450.0000  -1.462838   0.316094  -1.146744 
     1500.0000  -1.458367   0.318089  -1.140278 
     1550.0000  -1.452857   0.309710  -1.143147 
     1600.0000  -1.460649   0.309261  -1.151388 
     1650.0000  -1.468550   0.307068  -1.161481 
     1700.0000  -1.479599   0.313255  -1.166344 
     1750.0000  -1.474176   0.319653  -1.154523 
     1800.0000  -1.475617   0.308764  -1.166853 
     1850.0000  -1.475181   0.315446  -1.159735 
     1900.0000  -1.459628   0.311750  -1.147878 
     1950.0000  -1.472410   0.319767  -1.152643 
     2000.0000  -1.468959   0.320023  -1.148936 
     2050.0000  -1.451600   0.312493  -1.139107 
     2100.0000  -1.461865   0.317201  -1.144664 
     2150.0000  -1.460909   0.322514  -1.138395 
     2200.0000  -1.461551   0.319903  -1.141648 
     2250.0000  -1.461694   0.316158  -1.145536 
     2300.0000  -1.468850   0.314241  -1.154609 
     2350.0000  -1.467470   0.323572  -1.143898 
     2400.0000  -1.464290   0.318518  -1.145772 
     2450.0000  -1.463288   0.308129  -1.155159 
     2500.0000  -1.467929   0.312823  -1.155106 
     2550.0000  -1.466981   0.311127  -1.155853 
     2600.0000  -1.460420   0.308757  -1.151662 
     2650.0000  -1.455664   0.311532  -1.144132 
     2700.0000  -1.459480   0.313915  -1.145565 
     2750.0000  -1.462592   0.310928  -1.151664 
     2800.0000  -1.463556   0.307302  -1.156255 
     2850.0000  -1.462061   0.316998  -1.145063 
     2900.0000  -1.454117   0.312623  -1.141494 
     2950.0000  -1.459755   0.312629  -1.147126 
     3000.0000  -1.462907   0.316549  -1.146358 
     3050.0000  -1.454664   0.315961  -1.138703 
     3100.0000  -1.452781   0.319349  -1.133431 
     3150.0000  -1.451810   0.317588  -1.134222 
     3200.0000  -1.463131   0.311882  -1.151249 
     3250.0000  -1.461058   0.307779  -1.153279 
     3300.0000  -1.459542   0.311309  -1.148234 
     3350.0000  -1.457910   0.310350  -1.147560 
     3400.0000  -1.459865   0.309260  -1.150606 
     3450.0000  -1.457412   0.313595  -1.143817 
     3500.0000  -1.459108   0.309969  -1.149139 
     3550.0000  -1.466403   0.308408  -1.157995 
     3600.0000  -1.464221   0.314855  -1.149366 
     3650.0000  -1.470070   0.314457  -1.155613 
     3700.0000  -1.467352   0.309935  -1.157417 
     3750.0000  -1.467634   0.312568  -1.155066 
     3800.0000  -1.466663   0.307936  -1.158727 
     3850.0000  -1.469003   0.308349  -1.160654 
     3900.0000  -1.474578   0.310202  -1.164375 
     3950.0000  -1.466501   0.312218  -1.154283 
     4000.0000  -1.480382   0.317009  -1.163373 
     4050.0000  -1.469461   0.319303  -1.150158 
     4100.0000  -1.465422   0.322142  -1.143279 
     4150.0000  -1.458701   0.315476  -1.143225 
     4200.0000  -1.461919   0.311376  -1.150544 
     4250.0000  -1.466314   0.320275  -1.146040 
     4300.0000  -1.458178   0.311595  -1.146583 
     4350.0000  -1.458286   0.321266  -1.137019 
     4400.0000  -1.451726   0.317584  -1.134142 
     4450.0000  -1.455669   0.316164  -1.139505 
     4500.0000  -1.455630   0.316536  -1.139094 
     4550.0000  -1.459859   0.310732  -1.149127 
     4600.0000  -1.462561   0.305474  -1.157087 
     4650.0000  -1.467476   0.305040  -1.162436 
     4700.0000  -1.464577   0.309276  -1.155301 
     4750.0000  -1.458309   0.307826  -1.150484 
     4800.0000  -1.465772   0.319147  -1.146626 
     4850.0000  -1.464766   0.313874  -1.150892 
     4900.0000  -1.462962   0.312726  -1.150236 
     4950.0000  -1.461688   0.315344  -1.146343 
     5000.0000  -1.460403   0.306018  -1.154385 
     5050.0000  -1.451737   0.309243  -1.142495 
     5100.0000  -1.462468   0.317025  -1.145443 
     5150.0000  -1.473349   0.310486  -1.162863 
     5200.0000  -1.468869   0.311299  -1.157570 
     5250.0000  -1.471245   0.312242  -1.159002 
     5300.0000  -1.471677   0.312850  -1.158827 
     5350.0000  -1.475397   0.312535  -1.162862 
     5400.0000  -1.471415   0.322336  -1.149080 
     5450.0000  -1.465304   0.316044  -1.149260 
     5500.0000  -1.459102   0.312274  -1.146828 
     5550.0000  -1.455816   0.314866  -1.140951 
     5600.0000  -1.457097   0.309086  -1.148011 
     5650.0000  -1.469136   0.310081  -1.159055 
     5700.0000  -1.461265   0.305950  -1.155315 
     5750.0000  -1.463616   0.314926  -1.148690 
     5800.0000  -1.455321   0.306663  -1.148658 
     5850.0000  -1.453385   0.314239  -1.139146 
     5900.0000  -1.455064   0.313604  -1.141459 
     5950.0000  -1.462858   0.318771  -1.144087 
     6000.0000  -1.453135   0.313600  -1.139535 
     6050.0000  -1.457573   0.314912  -1.142661 
     6100.0000  -1.460438   0.315851  -1.144587 
     6150.0000  -1.459301   0.310910  -1.148391 
     6200.0000  -1.464623   0.307800  -1.156823 
     6250.0000  -1.464416   0.322625  -1.141791 
     6300.0000  -1.458745   0.312678  -1.146066 
     6350.0000  -1.458669   0.317407  -1.141262 
     6400.0000  -1.470998   0.312867  -1.158131 
     6450.0000  -1.465225   0.319916  -1.145309 
     6500.0000  -1.456277   0.317906  -1.138371 
     6550.0000  -1.467465   0.324429  -1.143036 
     6600.0000  -1.462698   0.309275  -1.153424 
     6650.0000  -1.463705   0.317589  -1.146116 
     6700.0000  -1.462397   0.306443  -1.155954 
     6750.0000  -1.460835   0.313179  -1.147655 
     6800.0000  -1.462299   0.310364  -1.151935 
     6850.0000  -1.458296   0.309851  -1.148445 
     6900.0000  -1.451499   0.310965  -1.140534 
     6950.0000  -1.446785   0.319424  -1.127361 
     7000.0000  -1.451042   0.321553  -1.129488 
     7050.0000  -1.454470   0.315584  -1.138886 
     7100.0000  -1.445548   0.311238  -1.134310 
     7150.0000  -1.454886   0.309696  -1.145190 
     7200.0000  -1.450163   0.308879  -1.141283 
     7250.0000  -1.455980   0.306980  -1.149000 
     7300.0000  -1.453242   0.310474  -1.142767 
     7350.0000  -1.461709   0.310212  -1.151496 
     7400.0000  -1.468088   0.309059  -1.159029 
     7450.0000  -1.468589   0.315311  -1.153278 
     7500.0000  -1.459840   0.315904  -1.143936 
     7550.0000  -1.462816   0.308025  -1.154791 
     7600.0000  -1.451486   0.301552  -1.149935 
     7650.0000  -1.463953   0.307254  -1.156699 
     7700.0000  -1.460136   0.312277  -1.147859 
     7750.0000  -1.450329   0.309190  -1.141140 
     7800.0000  -1.453817   0.306818  -1.146999 
     7850.0000  -1.464111   0.312146  -1.151964 
     7900.0000  -1.455537   0.309911  -1.145627 
     7950.0000  -1.466534   0.316867  -1.149668 
     8000.0000  -1.455850   0.310784  -1.145066 
     8050.0000  -1.463624   0.320529  -1.143095 
     8100.0000  -1.465723   0.316379  -1.149344 
     8150.0000  -1.466369   0.311524  -1.154845 
     8200.0000  -1.471952   0.320937  -1.151015 
     8250.0000  -1.469827   0.304670  -1.165156 
     8300.0000  -1.472618   0.317952  -1.154666 
     8350.0000  -1.468585   0.317076  -1.151508 
     8400.0000  -1.470487   0.315523  -1.154964 
     8450.0000  -1.464143   0.316283  -1.147860 
     8500.0000  -1.465273   0.313338  -1.151935 
     8550.0000  -1.461336   0.312668  -1.148668 
     8600.0000  -1.460514   0.313903  -1.146611 
     8650.0000  -1.469211   0.317707  -1.151504 
     8700.0000  -1.469118   0.309039  -1.160079 
     8750.0000  -1.461942   0.305922  -1.156020 
     8800.0000  -1.453785   0.305219  -1.148566 
     8850.0000  -1.455470   0.313259  -1.142210 
     8900.0000  -1.460240   0.314650  -1.145591 
     8950.0000  -1.470249   0.317727  -1.152522 
     9000.0000  -1.467104   0.313770  -1.153333 
     9050.0000  -1.466553   0.306472  -1.160081 
     9100.0000  -1.468610   0.310037  -1.158573 
     9150.0000  -1.454023   0.308411  -1.145612 
     9200.0000  -1.454901   0.311900  -1.143000 
     9250.0000  -1.465604   0.311647  -1.153957 
     9300.0000  -1.462036   0.311806  -1.150231 
     9350.0000  -1.467381   0.319879  -1.147502 
     9400.0000  -1.461169   0.319116  -1.142053 
     9450.0000  -1.461512   0.311754  -1.149757 
     9500.0000  -1.459923   0.319565  -1.140357 
     9550.0000  -1.460725   0.316596  -1.144128 
     9600.0000  -1.449833   0.311305  -1.138528 
     9650.0000  -1.447094   0.311898  -1.135195 
     9700.0000  -1.455606   0.310091  -1.145515 
     9750.0000  -1.464358   0.306470  -1.157887 
     9800.0000  -1.467157   0.317745  -1.149413 
     9850.0000  -1.454320   0.321027  -1.133292 
     9900.0000  -1.448865   0.314992  -1.133872 
     9950.0000  -1.459467   0.315537  -1.143930 
    10000.0000  -1.459398   0.311700  -1.147698 
